{
    "M-STFT": 0.3219452682323159,
    "log2f0_mean": 0.061804500390175085,
    "FAD": 0.02174284536276261
}