{
    "M-STFT": 9.274185792325785,
    "log2f0_mean": 6.465007469306043,
    "FAD": 8.585338238296353
}