{
    "M-STFT": 1.1204531639814377,
    "log2f0_mean": 0.17611471862812564,
    "FAD": 0.32018343540095096
}